22 22
100  -1  -1  -1  -1  -1  -1  -1  -1  -1  -1  -1  -1  -1  -1  -1  -1  -1  -1  -1  -1  -1 
 -1 100  -1  -1  -1  -1  -1  -1  -1  -1  -1  -1  -1  -1  -1  -1  -1  -1  -1  -1  -1  -1 
 -1  -1 100  -1  -1  -1  -1  -1  -1  -1  -1  -1  -1  -1  -1  -1  -1  -1  -1  -1  -1  -1 
 -1  -1  -1 100  -1  -1  -1  -1  -1  -1  -1  -1  -1  -1  -1  -1  -1  -1  -1  -1  -1  -1 
 -1  -1  -1  -1 100  -1  -1  -1  -1  -1  -1  -1  -1  -1  -1  -1  -1  -1  -1  -1  -1  -1 
 -1  -1  -1  -1  -1 100  -1  -1  -1  -1  -1  -1  -1  -1  -1  -1  -1  -1  -1  -1  -1  -1 
 -1  -1  -1  -1  -1  -1 100  -1  -1  -1  -1  -1  -1  -1  -1  -1  -1  -1  -1  -1  -1  -1 
 -1  -1  -1  -1  -1  -1  -1 100  -1  -1  -1  -1  -1  -1  -1  -1  -1  -1  -1  -1  -1  -1 
 -1  -1  -1  -1  -1  -1  -1  -1 100  -1  -1  -1  -1  -1  -1  -1  -1  -1  -1  -1  -1  -1 
 -1  -1  -1  -1  -1  -1  -1  -1  -1 100  -1  -1  -1  -1  -1  -1  -1  -1  -1  -1  -1  -1 
 -1  -1  -1  -1  -1  -1  -1  -1  -1  -1 100  -1  -1  -1  -1  -1  -1  -1  -1  -1  -1  -1 
 -1  -1  -1  -1  -1  -1  -1  -1  -1  -1  -1 100  -1  -1  -1  -1  -1  -1  -1  -1  -1  -1 
 -1  -1  -1  -1  -1  -1  -1  -1  -1  -1  -1  -1 100  -1  -1  -1  -1  -1  -1  -1  -1  -1 
 -1  -1  -1  -1  -1  -1  -1  -1  -1  -1  -1  -1  -1 100  -1  -1  -1  -1  -1  -1  -1  -1 
 -1  -1  -1  -1  -1  -1  -1  -1  -1  -1  -1  -1  -1  -1 100  -1  -1  -1  -1  -1  -1  -1 
 -1  -1  -1  -1  -1  -1  -1  -1  -1  -1  -1  -1  -1  -1  -1 100  -1  -1  -1  -1  -1  -1 
 -1  -1  -1  -1  -1  -1  -1  -1  -1  -1  -1  -1  -1  -1  -1  -1 100  -1  -1  -1  -1  -1 
 -1  -1  -1  -1  -1  -1  -1  -1  -1  -1  -1  -1  -1  -1  -1  -1  -1 100  -1  -1  -1  -1 
 -1  -1  -1  -1  -1  -1  -1  -1  -1  -1  -1  -1  -1  -1  -1  -1  -1  -1 100  -1  -1  -1 
 -1  -1  -1  -1  -1  -1  -1  -1  -1  -1  -1  -1  -1  -1  -1  -1  -1  -1  -1 100  -1  -1 
 -1  -1  -1  -1  -1  -1  -1  -1  -1  -1  -1  -1  -1  -1  -1  -1  -1  -1  -1  -1 100  -1 
 -1  -1  -1  -1  -1  -1  -1  -1  -1  -1  -1  -1  -1  -1  -1  -1  -1  -1  -1  -1  -1 100 
