14 14
 0  0  0  0  0  0  0  0  0  0  0  0  0  0  0  0  0  0  0  0  0  0  0  0  0  0  0  0 
 0  0  0 76  0 76  0 76  0 76  0 76  0 76  0 76  0 76  0 76  0 76  0 76  0 76  0  0 
 0  0  0 76  0 76  0 76  0 76  0 76  0 76  0 76  0 76  0 76  0 76  0 76  0 76  0  0 
 0  0  0 76  0 76  2 255  0 76  0 76  0 76  0 76  0 76  0 76  2 255  0 76  0 76  0  0 
 0  0  0 76  0 76  0 76  2 255  0 76  0 76  0 76  0 76  2 255  0 76  0 76  0 76  0  0 
 0  0  0 76  0 76  0 76  0 76  2 255  0 76  0 76  2 255  0 76  0 76  0 76  0 76  0  0 
 0  0  0 76  0 76  0 76  0 76  0 76  2 255  2 255  0 76  0 76  0 76  0 76  0 76  0  0 
 0  0  0 76  0 76  0 76  0 76  0 76  2 255  2 255  0 76  0 76  0 76  0 76  0 76  0  0 
 0  0  0 76  0 76  0 76  0 76  2 255  0 76  0 76  2 255  0 76  0 76  0 76  0 76  0  0 
 0  0  0 76  0 76  0 76  2 255  0 76  0 76  0 76  0 76  2 255  0 76  0 76  0 76  0  0 
 0  0  0 76  0 76  2 255  0 76  0 76  0 76  0 76  0 76  0 76  2 255  0 76  0 76  0  0 
 0  0  0 76  0 76  0 76  0 76  0 76  0 76  0 76  0 76  0 76  0 76  0 76  0 76  0  0 
 0  0  0 76  0 76  0 76  0 76  0 76  0 76  0 76  0 76  0 76  0 76  0 76  0 76  0  0 
 0  0  0  0  0  0  0  0  0  0  0  0  0  0  0  0  0  0  0  0  0  0  0  0  0  0  0  0 