30 6
-1 -1 -1 -1  0  1  0  1 -1 -1 -1 -1 
-1 -1 -1 -1  0  1  0  1 -1 -1 -1 -1 
-1 -1  0  9  0  9  0  9  0  1 -1 -1 
-1 -1  0  9  0  9  0  9  0  1 -1 -1 
-1 -1  0  9  0  9  0  9  0  1 -1 -1 
-1 -1  0  9  0  9  0  9  0  1 -1 -1 
-1 -1  0  9  0  9  0  9  0  1 -1 -1 
-1 -1  0  9  0  9  0  9  0  1 -1 -1 
-1 -1  0  9  0  9  0  9  0  1 -1 -1 
-1 -1  0  9  0  9  0  9  0  1 -1 -1 
 0  9  0  9  0  9  0  9  0  1  0  1 
 0  9  0  9  0  9  0  9  0  1  0  1 
-1 -1  0 63  1 63  1 63  0 63 -1 -1 
-1 -1  0 63  1 63  1 63  0 63 -1 -1 
-1 -1  0 63  1 63  1 63  0 63 -1 -1 
-1 -1  0 63  1 63  1 63  0 63 -1 -1 
-1 -1  0 63  1 63  1 63  0 63 -1 -1 
-1 -1  0 63  1 63  1 63  0 63 -1 -1 
-1 -1  0 63  1 63  1 63  0 63 -1 -1 
-1 -1  0 63  1 63  1 63  0 63 -1 -1 
-1 -1  0 63  1 63  1 63  0 63 -1 -1 
-1 -1  0 63  1 63  1 63  0 63 -1 -1 
-1 -1  0 63  1 63  1 63  0 63 -1 -1 
-1 -1  0 63  1 63  1 63  0 63 -1 -1 
-1 -1  0 63  1 63  1 63  0 63 -1 -1 
-1 -1  0 63  1 63  1 63  0 63 -1 -1 
-1 -1  0 63  1 63  1 63  0 63 -1 -1 
-1 -1  0 63  1 63  1 63  0 63 -1 -1 
-1 -1 -1 -1  0 63  0 63 -1 -1 -1 -1 
-1 -1 -1 -1  0 63  0 63 -1 -1 -1 -1 