10 13
-1 -1 -1 -1  1  0  1  0  1  0  1  0  1  0 -1 -1 -1 -1 -1 -1 -1 -1 -1 -1 -1 -1 
-1 -1  1  0  2 14  1  0  2 30  2 30  2 30  1  0  1  0  1  0 -1 -1 -1 -1 -1 -1 
 1  0  2 14  2 14  1  0  2 30  2 30  0 49  2 30  2 30  2 30  0 49  0 49  0 49 
 1  0  2 14  2 14  1  0  2 30  0 49  0 49  0 49  0 49  0 49  0 49 -1 -1 -1 -1 
 1  0  2 14  2 14  1  0  2 30  2 30  0 49  2 30  2 30  2 30  1  0 -1 -1 -1 -1 
 1  0  2 14  2 14  1  0  2 30  2 30  2 30  2 30  2 30  2 30  1  0 -1 -1 -1 -1 
 1  0  2 14  2 14  1  0  2 30  2 30  2 30  2 30  2 30  2 30  1  0 -1 -1 -1 -1 
 1  0  2 14  1  0  1  0  1  0  1  0  2 30  2 30  2 30  2 30  1  0 -1 -1 -1 -1 
 1  0  1  0 -1 -1 -1 -1 -1 -1 -1 -1  1  0  1  0  1  0  2 30  1  0 -1 -1 -1 -1 
 1  0 -1 -1 -1 -1 -1 -1 -1 -1 -1 -1 -1 -1 -1 -1 -1 -1  1  0  1  0 -1 -1 -1 -1 