22 23
-1 -1 -1 -1 -1 -1 -1 -1 -1 -1 -1 -1 -1 -1 -1 -1 -1 -1 -1 -1 -1 -1 -1 -1 -1 -1 -1 -1 -1 -1  2 24  2 24 -1 -1 -1 -1 -1 -1 -1 -1 -1 -1 -1 -1 
-1 -1 -1 -1 -1 -1 -1 -1 -1 -1 -1 -1 -1 -1 -1 -1 -1 -1 -1 -1 -1 -1 -1 -1 -1 -1 -1 -1 -1 -1  2 24  2 24 -1 -1 -1 -1 -1 -1 -1 -1 -1 -1 -1 -1 
-1 -1 -1 -1 -1 -1 -1 -1 -1 -1 -1 -1 -1 -1 -1 -1 -1 -1 -1 -1 -1 -1 -1 -1 -1 -1 -1 -1  2 24 -1 -1 -1 -1  2 24 -1 -1 -1 -1 -1 -1 -1 -1 -1 -1 
-1 -1 -1 -1 -1 -1 -1 -1 -1 -1 -1 -1 -1 -1 -1 -1 -1 -1 -1 -1 -1 -1 -1 -1 -1 -1 -1 -1  2 24 -1 -1 -1 -1  2 24 -1 -1 -1 -1 -1 -1 -1 -1 -1 -1 
-1 -1 -1 -1 -1 -1 -1 -1 -1 -1 -1 -1 -1 -1 -1 -1 -1 -1 -1 -1 -1 -1 -1 -1 -1 -1  1 63  1 63 -1 -1  2 24 -1 -1 -1 -1 -1 -1 -1 -1 -1 -1 -1 -1 
-1 -1 -1 -1 -1 -1 -1 -1 -1 -1 -1 -1 -1 -1 -1 -1 -1 -1 -1 -1 -1 -1 -1 -1 -1 -1  1 63  1 63 -1 -1  2 24 -1 -1 -1 -1 -1 -1 -1 -1 -1 -1 -1 -1 
-1 -1 -1 -1 -1 -1 -1 -1 -1 -1 -1 -1 -1 -1 -1 -1 -1 -1 -1 -1 -1 -1  2 31  2 31  2 31  2 31  2 24  1 63 -1 -1 -1 -1 -1 -1 -1 -1 -1 -1 -1 -1 
-1 -1 -1 -1 -1 -1 -1 -1 -1 -1 -1 -1 -1 -1 -1 -1 -1 -1 -1 -1 -1 -1  2 31  2 31  2 31  2 31  2 24  1 63 -1 -1 -1 -1 -1 -1 -1 -1 -1 -1 -1 -1 
-1 -1 -1 -1 -1 -1 -1 -1 -1 -1 -1 -1 -1 -1 -1 -1 -1 -1  2 31  2 31  2 31  2 31  2 31  2 24  2 31  2 31  1 63  1 63 -1 -1 -1 -1 -1 -1 -1 -1 
-1 -1 -1 -1 -1 -1 -1 -1 -1 -1 -1 -1 -1 -1 -1 -1 -1 -1  2 31  2 31  2 31  2 31  2 31  2 24  2 31  2 31  1 63  1 63 -1 -1 -1 -1 -1 -1 -1 -1 
-1 -1 -1 -1  1 68  1 68  1 68  1 68  1 68  2 31  2 31  2 31  2 31  2 31  2 31  2 24  2 31  2 31  2 31  2 31  2 31  1 63  1 63 -1 -1 -1 -1 
-1 -1 -1 -1  1 68  1 68  1 68  1 68  1 68  2 31  2 31  2 31  2 31  2 31  2 31  2 24  2 31  2 31  2 31  2 31  2 31  1 63  1 63 -1 -1 -1 -1 
-1 -1  1 68  1 68  1 68  1 68  1 63  1 63  2 31  2 31  2 63  2 63  2 31  2 24  2 47  2 24  2 31  2 31  2 31  2 31  2 31  2 31  1 63  1 63 
-1 -1  1 68  1 68  1 68  1 68  1 63  1 63  2 31  2 31  2 63  2 63  2 31  2 24  2 47  2 24  2 31  2 31  2 31  2 31  2 31  2 31  1 63  1 63 
 1 68  1 68  1 68  1 68 -1 -1 -1 -1 -1 -1  1 63  1 63  2 31  2 63  2 63  2 63  2 24  2 31  2 31  2 31  2 31  2 31  1 63  1 63 -1 -1 -1 -1 
 1 68  1 68  1 68  1 68 -1 -1 -1 -1 -1 -1  1 63  1 63  2 31  2 63  2 63  2 63  2 24  2 31  2 31  2 31  2 31  2 31  1 63  1 63 -1 -1 -1 -1 
-1 -1  1 68  1 68 -1 -1 -1 -1 -1 -1 -1 -1 -1 -1 -1 -1  1 63  1 63  2 31  2 63  2 63  2 63  2 31  2 31  1 63  1 63 -1 -1 -1 -1 -1 -1 -1 -1 
-1 -1  1 68  1 68 -1 -1 -1 -1 -1 -1 -1 -1 -1 -1 -1 -1  1 63  1 63  2 31  2 63  2 63  2 63  2 31  2 31  1 63  1 63 -1 -1 -1 -1 -1 -1 -1 -1 
-1 -1  1 68  1 68 -1 -1 -1 -1 -1 -1 -1 -1 -1 -1 -1 -1 -1 -1 -1 -1  1 63  1 63  2 31  2 31  1 63  1 63 -1 -1 -1 -1 -1 -1 -1 -1 -1 -1 -1 -1 
-1 -1  1 68  1 68 -1 -1 -1 -1 -1 -1 -1 -1 -1 -1 -1 -1 -1 -1 -1 -1  1 63  1 63  2 31  2 31  1 63  1 63 -1 -1 -1 -1 -1 -1 -1 -1 -1 -1 -1 -1 
-1 -1  1 68 -1 -1 -1 -1 -1 -1 -1 -1 -1 -1 -1 -1 -1 -1 -1 -1 -1 -1 -1 -1 -1 -1  1 63  1 63 -1 -1 -1 -1 -1 -1 -1 -1 -1 -1 -1 -1 -1 -1 -1 -1 
-1 -1  1 68 -1 -1 -1 -1 -1 -1 -1 -1 -1 -1 -1 -1 -1 -1 -1 -1 -1 -1 -1 -1 -1 -1  1 63  1 63 -1 -1 -1 -1 -1 -1 -1 -1 -1 -1 -1 -1 -1 -1 -1 -1 