32 17
-1 -1 -1 -1  0 68 -1 -1 -1 -1 -1 -1 -1 -1 -1 -1 -1 -1 -1 -1 -1 -1 -1 -1 -1 -1 -1 -1 -1 -1 -1 -1 -1 -1 
-1 -1 -1 -1  0 68 -1 -1 -1 -1 -1 -1 -1 -1 -1 -1 -1 -1 -1 -1 -1 -1 -1 -1 -1 -1 -1 -1 -1 -1 -1 -1 -1 -1 
-1 -1  0 68  0 68 -1 -1  0 68 -1 -1 -1 -1 -1 -1 -1 -1 -1 -1 -1 -1 -1 -1 -1 -1 -1 -1 -1 -1 -1 -1 -1 -1 
-1 -1  0 68  0 68 -1 -1  0 68 -1 -1 -1 -1 -1 -1 -1 -1 -1 -1 -1 -1 -1 -1 -1 -1 -1 -1 -1 -1 -1 -1 -1 -1 
 0 68 -1 -1 -1 -1  0 68  0 68  0 68  0 68 -1 -1 -1 -1 -1 -1 -1 -1 -1 -1 -1 -1 -1 -1 -1 -1 -1 -1 -1 -1 
 0 68 -1 -1 -1 -1  0 68  0 68  0 68  0 68 -1 -1 -1 -1 -1 -1 -1 -1 -1 -1 -1 -1 -1 -1 -1 -1 -1 -1 -1 -1 
-1 -1 -1 -1  0 68 -1 -1  0 68  0 68  0 68  0 68 -1 -1 -1 -1 -1 -1 -1 -1 -1 -1 -1 -1 -1 -1 -1 -1 -1 -1 
-1 -1 -1 -1  0 68 -1 -1  0 68  0 68  0 68  0 68 -1 -1 -1 -1 -1 -1 -1 -1 -1 -1 -1 -1 -1 -1 -1 -1 -1 -1 
 0 68 -1 -1 -1 -1  0 68  0 68  0 68  0 68  0 68  0 68  0  0  0  0  0  0  0  0  0  0 -1 -1 -1 -1 -1 -1 
 0 68 -1 -1 -1 -1  0 68  0 68  0 68  0 68  0 68  0 68  0  0  0  0  0  0  0  0  0  0 -1 -1 -1 -1 -1 -1 
-1 -1  0 68  0 68 -1 -1  0 68  0 68  0 68  0 68 -1 -1 -1 -1 -1 -1  0  0  2 56  0  0 -1 -1 -1 -1 -1 -1 
-1 -1  0 68  0 68 -1 -1  0 68  0 68  0 68  0 68 -1 -1 -1 -1 -1 -1  0  0  2 56  0  0 -1 -1 -1 -1 -1 -1 
 0 68 -1 -1  0 68  0 68  0 68  0 68  0 68 -1 -1  0  0  0  0  0  0  0  0  0  0  0  0  0  0  0  0  0  0 
 0 68 -1 -1  0 68  0 68  0 68  0 68  0 68 -1 -1  0  0  0  0  0  0  0  0  0  0  0  0  0  0  0  0  0  0 
-1 -1  0 68 -1 -1 -1 -1  0 68 -1 -1 -1 -1 -1 -1  0  0  2 55  2 55  2 55  2 55  2 55  2 55  2 55  0  0 
-1 -1  0 68 -1 -1 -1 -1  0 68 -1 -1 -1 -1 -1 -1  0  0  2 55  2 55  2 55  2 55  2 55  2 55  2 55  0  0 
-1 -1 -1 -1  0 68 -1 -1 -1 -1 -1 -1 -1 -1 -1 -1  0  0  2 55  2 55  2 55  2 55  2 55  2 55  2 55  0  0 
-1 -1 -1 -1  0 68 -1 -1 -1 -1 -1 -1 -1 -1 -1 -1  0  0  2 55  2 55  2 55  2 55  2 55  2 55  2 55  0  0 
-1 -1 -1 -1 -1 -1 -1 -1 -1 -1 -1 -1 -1 -1 -1 -1  0  0  2 55  2 55  2 55  2 55  2 55  2 55  2 55  0  0 
-1 -1 -1 -1 -1 -1 -1 -1 -1 -1 -1 -1 -1 -1 -1 -1  0  0  2 55  2 55  2 55  2 55  2 55  2 55  2 55  0  0 
-1 -1 -1 -1 -1 -1 -1 -1 -1 -1 -1 -1 -1 -1 -1 -1  0  0  2 55  2 55  2 55  2 55  2 55  2 55  2 55  0  0 
-1 -1 -1 -1 -1 -1 -1 -1 -1 -1 -1 -1 -1 -1 -1 -1  0  0  2 55  2 55  2 55  2 55  2 55  2 55  2 55  0  0 
-1 -1 -1 -1 -1 -1 -1 -1 -1 -1 -1 -1 -1 -1 -1 -1  0  0  2 55  2 55  2 55  2 55  2 55  2 55  2 55  0  0 
-1 -1 -1 -1 -1 -1 -1 -1 -1 -1 -1 -1 -1 -1 -1 -1  0  0  2 55  2 55  2 55  2 55  2 55  2 55  2 55  0  0 
-1 -1 -1 -1 -1 -1 -1 -1 -1 -1 -1 -1 -1 -1 -1 -1  0  0  2 55  2 55  2 55  2 55  2 55  2 55  2 55  0  0 
-1 -1 -1 -1 -1 -1 -1 -1 -1 -1 -1 -1 -1 -1 -1 -1  0  0  2 55  2 55  2 55  2 55  2 55  2 55  2 55  0  0 
-1 -1 -1 -1 -1 -1 -1 -1 -1 -1 -1 -1 -1 -1 -1 -1  0  0  2 55  2 55  2 55  2 55  2 55  2 55  2 55  0  0 
-1 -1 -1 -1 -1 -1 -1 -1 -1 -1 -1 -1 -1 -1 -1 -1  0  0  2 55  2 55  2 55  2 55  2 55  2 55  2 55  0  0 
-1 -1 -1 -1 -1 -1 -1 -1 -1 -1 -1 -1 -1 -1 -1 -1  0  0  2 55  2 55  2 55  2 55  2 55  2 55  2 55  0  0 
-1 -1 -1 -1 -1 -1 -1 -1 -1 -1 -1 -1 -1 -1 -1 -1  0  0  2 55  2 55  2 55  2 55  2 55  2 55  2 55  0  0 
-1 -1 -1 -1 -1 -1 -1 -1 -1 -1 -1 -1 -1 -1 -1 -1  0  0  0  0  0  0  0  0  0  0  0  0  0  0  0  0  0  0 
-1 -1 -1 -1 -1 -1 -1 -1 -1 -1 -1 -1 -1 -1 -1 -1  0  0  0  0  0  0  0  0  0  0  0  0  0  0  0  0  0  0 